<MAIN_INDEX>,<DATE>,<TIME>,<LAST>,<B_VOL>,<S_VOL>,<VOL>
0,20191119,100000,64092.00,0,0,0
139,20191119,100000,64140.00,2482,344,2826
146,20191119,100000,64125.00,0,176,176
155,20191119,100000,64140.00,27,15,42
162,20191119,100000,64130.00,120,5,125
200,20191119,100000,64147.00,134,9,143
204,20191119,100000,64130.00,1,10,11
205,20191119,100000,64147.00,1,2,3
213,20191119,100000,64130.00,35,6,41
292,20191119,100000,64150.00,253,58,311
338,20191119,100000,64140.00,122,16,138
395,20191119,100001,64154.00,147,119,266
504,20191119,100001,64134.00,67,200,267
535,20191119,100001,64146.00,57,39,96
629,20191119,100002,64128.00,146,207,353
821,20191119,100003,64144.00,332,156,488
926,20191119,100006,64126.00,134,187,321
990,20191119,100007,64137.00,90,72,162
1021,20191119,100008,64127.00,73,19,92
1090,20191119,100009,64142.00,163,202,365
1416,20191119,100018,64124.00,575,394,969
1597,20191119,100019,64149.00,627,24,651
1712,20191119,100023,64130.00,950,176,1126
1782,20191119,100024,64142.00,273,181,454
2120,20191119,100045,64128.00,1238,966,2204
2159,20191119,100045,64140.00,475,180,655
2278,20191119,100053,64126.00,124,284,408
2327,20191119,100053,64140.00,185,9,194
3019,20191119,100127,64102.00,826,2550,3376
3119,20191119,100133,64112.00,517,665,1182
3677,20191119,100155,64080.00,266,1542,1808
3768,20191119,100158,64094.00,156,268,424
3816,20191119,100201,64084.00,206,1,207
4804,20191119,100345,64116.00,2659,1790,4449
5264,20191119,100445,64096.00,1026,1407,2433
5573,20191119,100503,64117.00,810,866,1676
5817,20191119,100531,64100.00,1046,646,1692
6234,20191119,100619,64130.00,1874,480,2354
6762,20191119,100819,64102.00,1674,1711,3385
7530,20191119,100933,64137.00,5401,2193,7594
8259,20191119,101019,64107.00,2181,3593,5774
8328,20191119,101034,64117.00,232,305,537
8731,20191119,101053,64099.00,1926,1220,3146
8896,20191119,101110,64110.00,1193,552,1745
9443,20191119,101204,64084.00,424,1961,2385
9609,20191119,101208,64094.00,394,141,535
9956,20191119,101215,64071.00,508,1698,2206
10608,20191119,101345,64107.00,1797,880,2677
11614,20191119,101502,64061.00,1601,4886,6487
11767,20191119,101513,64076.00,428,466,894
12370,20191119,101526,64043.00,1039,3749,4788
12862,20191119,101546,64058.00,1699,813,2512
13023,20191119,101600,64044.00,1014,820,1834
13464,20191119,101656,64060.00,1572,776,2348
14052,20191119,101746,64029.00,2407,3089,5496
14180,20191119,101804,64039.00,309,578,887
14301,20191119,101820,64029.00,660,55,715
14767,20191119,101853,64051.00,1819,1964,3783
14853,20191119,101907,64040.00,700,310,1010
15045,20191119,101950,64054.00,490,431,921
15422,20191119,102033,64033.00,1059,920,1979
15621,20191119,102113,64046.00,574,317,891
16362,20191119,102158,64011.00,859,5128,5987
16855,20191119,102201,64025.00,803,3707,4510
17263,20191119,102208,64013.00,421,1496,1917
17861,20191119,102302,64033.00,2815,1978,4793
18401,20191119,102406,64002.00,658,2991,3649
18539,20191119,102409,64013.00,127,339,466
18801,20191119,102416,63996.00,303,2484,2787
19331,20191119,102436,64013.00,1463,1948,3411
19826,20191119,102444,63991.00,1025,2591,3616
20112,20191119,102453,64003.00,993,549,1542
20202,20191119,102500,63991.00,847,561,1408
20577,20191119,102502,64009.00,1301,582,1883
20904,20191119,102509,63999.00,1115,1035,2150
22522,20191119,102638,64035.00,7425,4502,11927
22836,20191119,102726,64023.00,280,175,455
23847,20191119,102937,64047.00,3189,2011,5200
23968,20191119,102959,64035.00,815,1649,2464
24292,20191119,103019,64045.00,626,2429,3055
24935,20191119,103118,64024.00,932,3109,4041
25585,20191119,103342,64037.00,2730,3083,5813
26312,20191119,103546,64016.00,6195,5012,11207
27177,20191119,103916,64040.00,8396,1269,9665
27433,20191119,104048,64028.00,981,1860,2841
27819,20191119,104215,64040.00,507,221,728
27990,20191119,104302,64025.00,1563,1939,3502
28410,20191119,104439,64039.00,1342,2581,3923
28749,20191119,104539,64029.00,180,170,350
28896,20191119,104638,64040.00,589,1027,1616
28977,20191119,104702,64030.00,385,125,510
29178,20191119,104821,64040.00,361,701,1062
29284,20191119,104858,64029.00,298,85,383
30847,20191119,105305,64054.00,7778,3108,10886
31019,20191119,105348,64043.00,340,174,514
31346,20191119,105420,64059.00,903,924,1827
31544,20191119,105510,64049.00,479,977,1456
32535,20191119,105741,64069.00,2486,2075,4561
32709,20191119,105806,64054.00,445,747,1192
34368,20191119,110001,64088.00,6835,3576,10411
34995,20191119,110048,64068.00,1990,2055,4045
35519,20191119,110119,64090.00,1974,2580,4554
35763,20191119,110141,64080.00,609,124,733
35871,20191119,110157,64092.00,509,139,648
36005,20191119,110218,64080.00,486,330,816
36093,20191119,110228,64091.00,138,1696,1834
38174,20191119,110907,64027.00,3439,9159,12598
38486,20191119,111010,64044.00,1084,698,1782
38673,20191119,111049,64030.00,813,396,1209
38857,20191119,111145,64041.00,449,758,1207
39400,20191119,111319,64016.00,599,3324,3923
39583,20191119,111359,64029.00,238,897,1135
41561,20191119,111522,63980.00,4931,17816,22747
42463,20191119,111541,63997.00,1834,3996,5830
42764,20191119,111556,63986.00,1614,2681,4295
43993,20191119,111656,63998.00,1657,4207,5864
44319,20191119,111740,63983.00,583,474,1057
44443,20191119,111807,63994.00,675,975,1650
44701,20191119,111851,63982.00,346,559,905
45187,20191119,111956,64000.00,1698,841,2539
46058,20191119,112100,63974.00,3547,5217,8764
46717,20191119,112200,63986.00,738,1290,2028
48195,20191119,112307,63939.00,1244,10083,11327
48196,20191119,112307,63950.00,4,31,35
48205,20191119,112307,63938.00,0,119,119
48206,20191119,112307,63949.00,0,7,7
48217,20191119,112307,63937.00,1,51,52
48221,20191119,112307,63951.00,18,64,82
48244,20191119,112307,63935.00,0,464,464
48245,20191119,112307,63949.00,0,107,107
48259,20191119,112307,63934.00,0,223,223
48260,20191119,112307,63948.00,0,170,170
48265,20191119,112307,63934.00,0,194,194
48296,20191119,112307,63949.00,54,314,368
48303,20191119,112307,63937.00,0,65,65
48309,20191119,112307,63948.00,0,77,77
48335,20191119,112307,63934.00,0,880,880
48336,20191119,112307,63944.00,0,58,58
48393,20191119,112307,63930.00,0,752,752
48416,20191119,112307,63947.00,49,345,394
48522,20191119,112307,63932.00,343,642,985
48971,20191119,112307,63955.00,2668,2698,5366
49651,20191119,112308,63937.00,1726,4788,6514
50451,20191119,112320,63952.00,1494,7171,8665
51466,20191119,112340,63929.00,1194,5146,6340
51592,20191119,112343,63942.00,368,1613,1981
52323,20191119,112355,63915.00,866,2664,3530
52606,20191119,112357,63931.00,918,798,1716
52858,20191119,112400,63919.00,328,1534,1862
53830,20191119,112427,63938.00,2276,7931,10207
54054,20191119,112430,63923.00,544,1191,1735
54323,20191119,112440,63935.00,468,1770,2238
54470,20191119,112445,63925.00,633,272,905
55563,20191119,112525,63956.00,7265,3912,11177
55650,20191119,112529,63945.00,610,285,895
55979,20191119,112545,63956.00,1458,884,2342
56102,20191119,112555,63946.00,912,220,1132
56731,20191119,112643,63961.00,5956,1053,7009
57281,20191119,112726,63943.00,1600,2568,4168
58308,20191119,112847,63967.00,6386,2863,9249
59622,20191119,113102,63944.00,1849,4957,6806
60915,20191119,113302,63983.00,5940,2460,8400
61099,20191119,113317,63972.00,636,1326,1962
61724,20191119,113415,63989.00,2356,975,3331
62678,20191119,113649,63954.00,2347,4275,6622
63577,20191119,113949,63978.00,2510,2722,5232
64203,20191119,114045,63952.00,834,1619,2453
64740,20191119,114259,63978.00,1417,872,2289
64906,20191119,114341,63967.00,355,474,829
65134,20191119,114457,63983.00,614,601,1215
65289,20191119,114545,63971.00,631,692,1323
65544,20191119,114656,63985.00,592,1003,1595
66058,20191119,114909,63955.00,1097,3247,4344
66200,20191119,114934,63965.00,129,308,437
66678,20191119,115050,63952.00,1592,787,2379
66935,20191119,115147,63964.00,719,533,1252
67664,20191119,115315,63943.00,2940,3304,6244
68224,20191119,115456,63953.00,1151,564,1715
68895,20191119,115549,63924.00,1426,4612,6038
69936,20191119,115750,63940.00,4158,4997,9155
70160,20191119,115807,63926.00,1119,500,1619
70254,20191119,115814,63939.00,1044,701,1745
70753,20191119,115906,63928.00,1554,1423,2977
70999,20191119,115931,63939.00,136,250,386
71658,20191119,120006,63922.00,2623,4042,6665
73734,20191119,120230,63941.00,3294,3832,7126
73970,20191119,120301,63926.00,522,307,829
74043,20191119,120301,63936.00,508,106,614
75169,20191119,120334,63896.00,1882,12630,14512
75612,20191119,120339,63906.00,341,1035,1376
75792,20191119,120345,63896.00,259,165,424
76012,20191119,120400,63913.00,573,1297,1870
76584,20191119,120420,63898.00,1134,3143,4277
76859,20191119,120441,63911.00,558,2376,2934
77365,20191119,120523,63893.00,1509,2241,3750
78261,20191119,120659,63920.00,4421,3139,7560
78514,20191119,120756,63908.00,698,745,1443
78740,20191119,120834,63926.00,1153,792,1945
80191,20191119,121222,63902.00,7568,6877,14445
80623,20191119,121342,63916.00,628,883,1511
81416,20191119,121530,63891.00,5217,6230,11447
81708,20191119,121549,63905.00,563,1540,2103
82396,20191119,121707,63880.00,1609,5502,7111
82722,20191119,121715,63900.00,1030,1401,2431
82800,20191119,121716,63890.00,250,406,656
83231,20191119,121811,63920.00,2724,586,3310
83619,20191119,121904,63900.00,1056,1095,2151
83867,20191119,121959,63913.00,1727,1539,3266
84788,20191119,122331,63893.00,2451,2507,4958
85887,20191119,122505,63937.00,4064,1768,5832
86071,20191119,122524,63921.00,239,334,573
86997,20191119,122637,63955.00,2844,1718,4562
87097,20191119,122642,63943.00,476,218,694
88002,20191119,122720,63962.00,4146,1377,5523
88619,20191119,122820,63937.00,992,1533,2525
89164,20191119,122920,63963.00,2928,2040,4968
90106,20191119,123119,63943.00,3358,6633,9991
90704,20191119,123254,63963.00,1373,940,2313
90932,20191119,123352,63940.00,637,1116,1753
92270,20191119,123656,63973.00,4009,2690,6699
92367,20191119,123712,63962.00,480,234,714
92654,20191119,123824,63981.00,1039,245,1284
93760,20191119,124225,63946.00,2861,3466,6327
94160,20191119,124448,63960.00,601,217,818
94341,20191119,124502,63946.00,768,1034,1802
95154,20191119,124956,63974.00,3408,1464,4872
95267,20191119,125029,63961.00,947,980,1927
95611,20191119,125144,63972.00,355,1242,1597
96011,20191119,125330,63952.00,798,2453,3251
96196,20191119,125450,63967.00,249,391,640
97238,20191119,130101,63951.00,3433,8110,11543
99597,20191119,130347,64003.00,13995,15913,29908
99933,20191119,130402,63989.00,1351,979,2330
100036,20191119,130402,64001.00,316,252,568
100090,20191119,130404,63991.00,696,173,869
100959,20191119,130454,64014.00,4056,10903,14959
101477,20191119,130532,64002.00,1135,70,1205
101726,20191119,130535,64020.00,2162,614,2776
102459,20191119,130619,64007.00,7974,3473,11447
102815,20191119,130716,64020.00,882,2037,2919
104110,20191119,131124,63995.00,2320,14493,16813
104407,20191119,131207,64007.00,301,940,1241
104786,20191119,131330,63990.00,755,1185,1940
104978,20191119,131459,64002.00,367,130,497
105071,20191119,131526,63990.00,361,194,555
105274,20191119,131621,64008.00,692,362,1054
105701,20191119,131818,63985.00,724,2865,3589
105836,20191119,131853,63997.00,101,250,351
106022,20191119,132023,63987.00,1084,1860,2944
106379,20191119,132137,64012.00,3983,841,4824
106605,20191119,132345,63993.00,335,670,1005
106718,20191119,132425,64008.00,617,686,1303
106848,20191119,132522,63997.00,478,191,669
107232,20191119,132720,64016.00,1456,845,2301
107422,20191119,132911,64005.00,152,201,353
108339,20191119,133051,64021.00,7895,2627,10522
109660,20191119,133415,63994.00,1717,5305,7022
109957,20191119,133427,64009.00,792,116,908
110232,20191119,133523,63981.00,922,3345,4267
110295,20191119,133523,63991.00,112,180,292
110546,20191119,133525,63981.00,334,723,1057
110714,20191119,133532,63997.00,1125,94,1219
111192,20191119,133732,63971.00,1404,2035,3439
111656,20191119,134045,63994.00,1158,972,2130
111788,20191119,134220,63979.00,418,354,772
111852,20191119,134231,63989.00,83,127,210
112233,20191119,134518,63967.00,1048,797,1845
112432,20191119,134615,63982.00,408,337,745
112713,20191119,134932,63967.00,945,616,1561
113937,20191119,135527,64012.00,4685,1738,6423
114387,20191119,135912,63994.00,566,1689,2255
115190,20191119,140545,64027.00,2178,2738,4916
115638,20191119,140651,64005.00,687,1551,2238
118636,20191119,141121,64068.00,18478,3661,22139
119026,20191119,141143,64037.00,1007,3873,4880
119222,20191119,141202,64048.00,727,88,815
119267,20191119,141209,64037.00,372,233,605
119523,20191119,141305,64062.00,1146,519,1665
119647,20191119,141350,64049.00,352,443,795
119761,20191119,141420,64062.00,254,25,279
119868,20191119,141459,64049.00,455,400,855
121271,20191119,141501,64084.00,11348,2070,13418
121385,20191119,141501,64071.00,109,323,432
121659,20191119,141502,64084.00,1504,495,1999
121761,20191119,141502,64074.00,764,91,855
121833,20191119,141503,64084.00,21,218,239
121870,20191119,141503,64074.00,413,17,430
122403,20191119,141505,64092.00,3628,1296,4924
122506,20191119,141505,64078.00,0,595,595
122686,20191119,141505,64095.00,1330,364,1694
122759,20191119,141505,64085.00,1371,421,1792
124229,20191119,141511,64098.00,7239,2582,9821
124766,20191119,141521,64080.00,1919,1095,3014
125209,20191119,141541,64100.00,4625,836,5461
125300,20191119,141541,64087.00,0,316,316
125348,20191119,141541,64099.00,1074,272,1346
125707,20191119,141555,64081.00,2528,450,2978
126608,20191119,141641,64094.00,7813,1938,9751
127328,20191119,141812,64076.00,3798,2222,6020
127471,20191119,141830,64087.00,382,738,1120
127901,20191119,141957,64065.00,1365,4717,6082
128596,20191119,142053,64081.00,998,894,1892
128868,20191119,142144,64058.00,463,1980,2443
128965,20191119,142220,64070.00,244,221,465
129464,20191119,142456,64052.00,1603,2267,3870
129977,20191119,142629,64075.00,2376,891,3267
130138,20191119,142640,64059.00,288,961,1249
130296,20191119,142706,64074.00,142,133,275
130370,20191119,142726,64062.00,988,323,1311
130620,20191119,142820,64075.00,1148,723,1871
130797,20191119,142905,64060.00,505,241,746
130874,20191119,142925,64071.00,379,125,504
130913,20191119,142950,64060.00,145,166,311
130991,20191119,143000,64073.00,1274,233,1507
131069,20191119,143010,64063.00,235,949,1184
131214,20191119,143118,64073.00,617,437,1054
131564,20191119,143403,64055.00,473,1332,1805
131718,20191119,143519,64070.00,496,138,634
132170,20191119,143635,64046.00,369,1660,2029
132413,20191119,143823,64068.00,572,407,979
132744,20191119,143944,64049.00,417,1726,2143
132887,20191119,144051,64061.00,82,946,1028
133475,20191119,144312,64034.00,859,1215,2074
133567,20191119,144352,64046.00,291,392,683
133866,20191119,144609,64032.00,314,1083,1397
134041,20191119,144638,64053.00,1488,432,1920
134480,20191119,145113,64034.00,502,684,1186
134543,20191119,145135,64047.00,312,401,713
134714,20191119,145329,64031.00,405,380,785
134942,20191119,145546,64048.00,624,466,1090
135253,20191119,145804,64026.00,342,732,1074
135769,20191119,150104,64056.00,2435,536,2971
135811,20191119,150116,64045.00,176,115,291
135940,20191119,150207,64056.00,135,471,606
136197,20191119,150406,64042.00,310,822,1132
136395,20191119,150524,64062.00,898,227,1125
136494,20191119,150607,64050.00,156,116,272
136729,20191119,150733,64066.00,928,339,1267
136799,20191119,150756,64055.00,30,113,143
137591,20191119,151328,64078.00,2663,1062,3725
138436,20191119,151647,64045.00,1597,3219,4816
138558,20191119,151745,64055.00,60,97,157
138639,20191119,151834,64044.00,211,364,575
138754,20191119,151909,64056.00,121,19,140
138887,20191119,152046,64044.00,450,304,754
139077,20191119,152219,64060.00,704,537,1241
139283,20191119,152419,64042.00,239,506,745
139470,20191119,152650,64054.00,145,1157,1302
140809,20191119,152951,64010.00,2804,7462,10266
141099,20191119,153025,64032.00,1354,401,1755
141448,20191119,153204,64009.00,1450,985,2435
141644,20191119,153301,64025.00,495,375,870
142023,20191119,153505,64008.00,1077,773,1850
142234,20191119,153554,64022.00,437,468,905
142512,20191119,153710,64004.00,746,833,1579
142731,20191119,153758,64015.00,110,2899,3009
143415,20191119,153836,63987.00,1680,4918,6598
145302,20191119,154640,64036.00,5453,3264,8717
145479,20191119,154709,64026.00,282,229,511
145705,20191119,154828,64040.00,261,750,1011
145838,20191119,154829,64027.00,482,754,1236
145885,20191119,154837,64038.00,62,99,161
146008,20191119,155001,64026.00,331,224,555
147737,20191119,155951,64070.00,5549,5597,11146
147939,20191119,155957,64059.00,882,118,1000
148820,20191119,160046,64079.00,7402,4921,12323
149799,20191119,160131,64050.00,2851,2533,5384
149998,20191119,160140,64067.00,1016,833,1849
150692,20191119,160436,64035.00,750,1808,2558
150789,20191119,160501,64049.00,106,350,456
150996,20191119,160621,64036.00,390,263,653
151076,20191119,160650,64049.00,432,633,1065
151347,20191119,161036,64035.00,153,264,417
151434,20191119,161201,64045.00,59,133,192
152110,20191119,161459,64012.00,1023,2770,3793
152576,20191119,161625,64034.00,1134,561,1695
152944,20191119,161754,64012.00,1223,1027,2250
153304,20191119,161936,64028.00,340,331,671
153339,20191119,161942,64016.00,61,279,340
153410,20191119,162002,64028.00,168,145,313
153829,20191119,162400,64012.00,908,825,1733
154085,20191119,162431,64043.00,913,473,1386
154201,20191119,162453,64033.00,289,159,448
154458,20191119,162544,64049.00,513,127,640
154546,20191119,162601,64033.00,235,517,752
154712,20191119,162700,64051.00,362,300,662
154862,20191119,162819,64034.00,474,651,1125
155509,20191119,163247,64061.00,1545,1018,2563
155766,20191119,163448,64048.00,751,792,1543
156278,20191119,163808,64065.00,746,535,1281
156459,20191119,163909,64050.00,697,601,1298
156750,20191119,164102,64067.00,352,535,887
156962,20191119,164131,64048.00,364,810,1174
157086,20191119,164227,64060.00,847,1102,1949
157630,20191119,164818,64048.00,576,504,1080
157770,20191119,164904,64059.00,193,251,444
157903,20191119,165000,64048.00,314,149,463
158074,20191119,165138,64063.00,336,179,515
158173,20191119,165233,64051.00,166,270,436
158212,20191119,165308,64061.00,146,442,588
158570,20191119,165448,64036.00,433,2215,2648
158714,20191119,165533,64053.00,312,676,988
158917,20191119,165612,64040.00,448,136,584
159466,20191119,165716,64061.00,3646,1052,4698
159580,20191119,165732,64049.00,1213,649,1862
159944,20191119,165852,64064.00,1211,662,1873
160260,20191119,165930,64040.00,482,1036,1518
160498,20191119,165959,64051.00,1108,223,1331
160631,20191119,170013,64038.00,951,252,1203
160954,20191119,170157,64049.00,501,474,975
161153,20191119,170238,64038.00,597,484,1081
162263,20191119,171013,64065.00,2954,2980,5934
162431,20191119,171157,64053.00,651,490,1141
162558,20191119,171232,64063.00,325,890,1215
162769,20191119,171435,64048.00,414,926,1340
163108,20191119,171646,64069.00,839,1061,1900
163382,20191119,171831,64053.00,1567,1055,2622
164706,20191119,172717,64071.00,7874,6042,13916
165106,20191119,172900,64051.00,521,1944,2465
165418,20191119,172940,64070.00,1659,263,1922
165743,20191119,173019,64050.00,1413,693,2106
166789,20191119,173203,64082.00,7400,1336,8736
167171,20191119,173306,64065.00,568,1465,2033
167252,20191119,173326,64075.00,1383,1112,2495
167823,20191119,173459,64051.00,1085,1019,2104
168073,20191119,173554,64067.00,393,670,1063
168147,20191119,173609,64056.00,532,39,571
168282,20191119,173623,64069.00,448,247,695
168371,20191119,173641,64056.00,169,301,470
168478,20191119,173732,64071.00,170,560,730
168697,20191119,173849,64056.00,180,739,919
168852,20191119,174015,64068.00,874,2085,2959
169341,20191119,174212,64053.00,1707,567,2274
169665,20191119,174306,64071.00,2929,855,3784
169849,20191119,174322,64057.00,794,1464,2258
170476,20191119,174524,64069.00,2541,2325,4866
170620,20191119,174548,64059.00,209,193,402
170919,20191119,174730,64077.00,1496,1206,2702
171711,20191119,174955,64053.00,3041,2854,5895
172093,20191119,175205,64072.00,1131,1421,2552
172713,20191119,175452,64058.00,1530,2835,4365
173632,20191119,175909,64084.00,4687,1929,6616
173897,20191119,175952,64074.00,718,71,789
174533,20191119,180006,64095.00,4728,528,5256
175063,20191119,180102,64077.00,870,1765,2635
175116,20191119,180111,64089.00,196,466,662
175230,20191119,180130,64079.00,1091,13,1104
176258,20191119,180232,64097.00,7288,1132,8420
176369,20191119,180232,64082.00,111,514,625
176512,20191119,180233,64096.00,1206,427,1633
176733,20191119,180241,64084.00,1821,660,2481
176881,20191119,180244,64094.00,803,210,1013
177159,20191119,180249,64073.00,437,1054,1491
177215,20191119,180252,64086.00,1159,323,1482
178759,20191119,180351,64045.00,4983,7352,12335
179468,20191119,180430,64067.00,3266,1024,4290
179554,20191119,180434,64055.00,1041,248,1289
180066,20191119,180518,64070.00,2600,1580,4180
180230,20191119,180531,64055.00,252,932,1184
180900,20191119,180742,64075.00,4389,1133,5522
181294,20191119,180850,64051.00,2665,2521,5186
182122,20191119,181218,64089.00,2577,1503,4080
182376,20191119,181304,64073.00,1522,2168,3690
183490,20191119,181642,64101.00,4378,2080,6458
183942,20191119,181808,64081.00,3676,1828,5504
185227,20191119,182227,64112.00,5249,2985,8234
185849,20191119,182401,64096.00,2074,1805,3879
186507,20191119,182700,64111.00,2920,3878,6798
186927,20191119,182856,64090.00,1651,3326,4977
187198,20191119,182951,64109.00,304,572,876
187493,20191119,183005,64098.00,2353,1377,3730
187680,20191119,183120,64109.00,155,1005,1160
188211,20191119,183306,64087.00,748,2552,3300
188627,20191119,183506,64102.00,3325,1277,4602
188730,20191119,183518,64090.00,620,934,1554
188962,20191119,183634,64100.00,453,1234,1687
190563,20191119,184250,64075.00,2088,5986,8074
191029,20191119,184428,64092.00,550,1214,1764
191196,20191119,184459,64081.00,181,568,749
191227,20191119,190000,64117.00,70,170,240
191232,20191119,190000,64102.00,10,0,10
191235,20191119,190000,64116.00,3,6,9
191239,20191119,190000,64103.00,4,6,10
191320,20191119,190001,64122.00,665,603,1268
191384,20191119,190002,64112.00,508,135,643
191949,20191119,190020,64139.00,1796,1026,2822
192187,20191119,190035,64115.00,426,694,1120
192339,20191119,190057,64132.00,331,1096,1427
192373,20191119,190100,64120.00,185,63,248
192623,20191119,190140,64133.00,608,688,1296
192872,20191119,190248,64115.00,529,1446,1975
193259,20191119,190444,64128.00,1876,2550,4426
193955,20191119,190833,64106.00,448,3536,3984
194407,20191119,191008,64126.00,2016,1819,3835
194678,20191119,191200,64106.00,88,801,889
194746,20191119,191238,64116.00,100,226,326
195377,20191119,191503,64090.00,2285,1982,4267
195499,20191119,191554,64100.00,153,358,511
195674,20191119,191725,64088.00,154,79,233
195789,20191119,191825,64098.00,297,222,519
195924,20191119,191921,64084.00,162,211,373
196098,20191119,192106,64096.00,324,432,756
196584,20191119,192207,64060.00,292,3663,3955
196724,20191119,192241,64081.00,327,617,944
196909,20191119,192346,64065.00,651,454,1105
197162,20191119,192609,64082.00,537,281,818
197201,20191119,192704,64071.00,375,30,405
197237,20191119,192730,64081.00,156,220,376
197567,20191119,192841,64053.00,712,926,1638
197990,20191119,193100,64081.00,5092,312,5404
197991,20191119,193100,64069.00,50,3,53
198133,20191119,193133,64084.00,633,212,845
198386,20191119,193428,64062.00,238,417,655
198491,20191119,193520,64078.00,501,570,1071
198561,20191119,193654,64067.00,62,5,67
198618,20191119,193711,64081.00,445,84,529
200725,20191119,193915,63975.00,2931,6925,9856
201038,20191119,193927,64017.00,1458,1108,2566
201686,20191119,193941,63994.00,716,785,1501
201775,20191119,193954,64018.00,227,113,340
201967,20191119,194004,63994.00,498,1150,1648
202612,20191119,194036,64033.00,2617,1033,3650
202768,20191119,194041,64012.00,113,1786,1899
202823,20191119,194042,64023.00,69,71,140
202966,20191119,194102,64009.00,869,661,1530
203327,20191119,194151,64034.00,891,340,1231
203582,20191119,194216,64017.00,210,757,967
203988,20191119,194345,64043.00,1697,411,2108
204073,20191119,194357,64029.00,297,441,738
204319,20191119,194456,64043.00,572,715,1287
204415,20191119,194503,64026.00,158,432,590
204672,20191119,194610,64048.00,1128,511,1639
205202,20191119,194905,64022.00,1618,1422,3040
205437,20191119,194932,64050.00,2199,422,2621
205601,20191119,195002,64034.00,366,195,561
205701,20191119,195002,64047.00,691,561,1252
206475,20191119,195020,63983.00,452,5841,6293
206486,20191119,195020,63998.00,61,88,149
206494,20191119,195020,63984.00,0,97,97
206538,20191119,195020,63996.00,167,210,377
206767,20191119,195020,63967.00,132,801,933
206768,20191119,195020,63977.00,0,28,28
206846,20191119,195020,63958.00,25,285,310
206850,20191119,195020,63968.00,50,43,93
206896,20191119,195020,63958.00,59,168,227
206936,20191119,195020,63975.00,50,58,108
207098,20191119,195021,63956.00,154,469,623
207134,20191119,195021,63969.00,78,296,374
207255,20191119,195021,63959.00,54,35,89
207294,20191119,195022,63969.00,43,222,265
207546,20191119,195023,63957.00,155,270,425
208104,20191119,195044,63999.00,1566,616,2182
208363,20191119,195108,63982.00,611,1269,1880
208784,20191119,195225,64003.00,1021,1448,2469
209015,20191119,195342,63990.00,848,429,1277
209054,20191119,195401,64001.00,92,204,296
209223,20191119,195449,63985.00,462,288,750
209467,20191119,195610,64004.00,991,1040,2031
209752,20191119,195826,63985.00,476,433,909
209991,20191119,195941,64010.00,1061,210,1271
210019,20191119,195948,63996.00,267,9,276
210116,20191119,195951,64010.00,661,0,661
210117,20191119,195951,63999.00,62,3,65
210126,20191119,195951,64011.00,60,4,64
210340,20191119,200009,63987.00,580,474,1054
210473,20191119,200118,64007.00,361,430,791
210627,20191119,200202,63984.00,693,810,1503
210835,20191119,200341,63997.00,247,440,687
210964,20191119,200430,63984.00,130,1401,1531
211329,20191119,200544,64014.00,1232,1762,2994
211378,20191119,200623,64003.00,84,16,100
211476,20191119,200655,64016.00,203,169,372
211623,20191119,200901,64006.00,899,655,1554
211726,20191119,200933,64017.00,244,157,401
211811,20191119,201002,64006.00,525,109,634
211914,20191119,201111,64020.00,237,105,342
211969,20191119,201209,64007.00,567,106,673
212264,20191119,201315,64036.00,2147,87,2234
212431,20191119,201409,64024.00,477,238,715
212485,20191119,201439,64034.00,140,195,335
213061,20191119,202236,64001.00,1106,1683,2789
213330,20191119,202704,64030.00,517,247,764
213445,20191119,203008,64014.00,237,235,472
213597,20191119,203157,64034.00,361,249,610
213868,20191119,203255,64002.00,726,1971,2697
214104,20191119,203652,64027.00,572,670,1242
214163,20191119,203918,64016.00,112,38,150
214250,20191119,204115,64032.00,99,86,185
214360,20191119,204304,64021.00,230,161,391
214643,20191119,204546,64038.00,627,432,1059
214785,20191119,204702,64022.00,397,605,1002
215157,20191119,205507,64041.00,742,733,1475
215322,20191119,205552,64026.00,379,508,887
216142,20191119,210204,64049.00,2317,1561,3878
216493,20191119,210922,64034.00,1173,1240,2413
216685,20191119,211314,64045.00,405,293,698
216843,20191119,211451,64025.00,453,1051,1504
218730,20191119,213847,64069.00,9115,4125,13240
218873,20191119,213943,64053.00,475,613,1088
219365,20191119,214543,64076.00,2414,1000,3414
219691,20191119,214948,64054.00,1161,870,2031
220027,20191119,215548,64071.00,315,117,432
220083,20191119,215646,64058.00,91,416,507
220392,20191119,220222,64071.00,1206,1530,2736
221196,20191119,221840,64051.00,1984,1614,3598
221353,20191119,222334,64063.00,191,198,389
221505,20191119,222445,64050.00,454,455,909
221610,20191119,222620,64063.00,186,164,350
221773,20191119,222959,64052.00,1454,363,1817
223758,20191119,230000,64087.00,4781,3460,8241
224108,20191119,230854,64074.00,649,590,1239
224516,20191119,231856,64089.00,1614,321,1935
224679,20191119,232000,64078.00,171,184,355
225700,20191119,232852,64097.00,2825,2562,5387
226802,20191119,234500,64074.00,2913,4069,6982
227382,20191119,234959,64080.00,1016,1283,2299
